RotateX:
 |1     0     0    |
 |0     cosA  -sinA|
 |0     sinA  cosA |

RotateY:
 |cosA  0     sinA |
 |0     1     0    |
 |-sinA 0     cosA |

RotateZ:
 |cosA  -sinA 0    |
 |sinA  cosA  0    |
 |0     0     1    |

----------------------------------------------------------------------
RotateX(0)
 |1     0     0    |
 |0     1     0    |
 |0     0     1    |

RotateX(90)
 |1     0     0    |
 |0     0     -1   |
 |0     1     0    |

RotateX(180)
 |1     0     0    |
 |0     -1    0    |
 |0     0     -1   |

RotateX(270)
 |1     0     0    |
 |0     0     1    |
 |0     -1    0    |

----------------------------------------------------------------------
RotateY(90)
 |0     0     1    |
 |0     1     0    |
 |-1    0     0    |

RotateY(180)
 |-1    0     0    |
 |0     1     0    |
 |0     0     -1   |

RotateY(270)
 |0     0     -1   |
 |0     1     0    |
 |1     0     0    |

----------------------------------------------------------------------
RotateZ(90)
 |0     -1    0    |
 |1     0     0    |
 |0     0     1    |

RotateZ(270)
 |0     1     0    |
 |-1    0     0    |
 |0     0     1    |

----------------------------------------------------------------------
RotateY(90) and then RotateX(0)
 |0     0     1    | |1     0     0    |   |0     0     1    |
 |0     1     0    | |0     1     0    | = |0     1     0    |
 |-1    0     0    | |0     0     1    |   |-1    0     0    |

RotateY(90) and then RotateX(90)
 |0     0     1    | |1     0     0    |   |0     1     0    |
 |0     1     0    | |0     0     -1   | = |0     0     -1   |
 |-1    0     0    | |0     1     0    |   |-1    0     0    |

RotateY(90) and then RotateX(180)
 |0     0     1    | |1     0     0    |   |0     0     -1   |
 |0     1     0    | |0     -1    0    | = |0     -1    0    |
 |-1    0     0    | |0     0     -1   |   |-1    0     0    |

RotateY(90) and then RotateX(270)
 |0     0     1    | |1     0     0    |   |0     -1    0    |
 |0     1     0    | |0     0     1    | = |0     0     1    |
 |-1    0     0    | |0     -1    0    |   |-1    0     0    |

----------------------------------------------------------------------
RotateY(180) and then RotateX(0)
 |-1    0     0    | |1     0     0    |   |-1    0     0   |
 |0     1     0    | |0     1     0    | = |0     1     0   |
 |0     0     -1   | |0     0     1    |   |0     0     -1  |

RotateY(180) and then RotateX(90)
 |-1    0     0    | |1     0     0    |   |-1    0     0   |
 |0     1     0    | |0     0     -1   | = |0     0     -1  |
 |0     0     -1   | |0     1     0    |   |0     -1    0   |

RotateY(180) and then RotateX(180)
 |-1    0     0    | |1     0     0    |   |-1    0     0   |
 |0     1     0    | |0     -1    0    | = |0     -1    0   |
 |0     0     -1   | |0     0     -1   |   |0     0     1   |

RotateY(180) and then RotateX(270)
 |-1    0     0    | |1     0     0    |   |-1    0     0   |
 |0     1     0    | |0     0     1    | = |0     0     1   |
 |0     0     -1   | |0     -1    0    |   |0     1     0   |

----------------------------------------------------------------------
RotateY(270) and then RotateX(0)
 |0     0     -1   | |1     0     0    |   |0     0     -1   |
 |0     1     0    | |0     1     0    | = |0     1     0    |
 |1     0     0    | |0     0     1    |   |1     0     0    |

RotateY(270) and then RotateX(90)
 |0     0     -1   | |1     0     0    |   |0     -1    0    |
 |0     1     0    | |0     0     -1   | = |0     0     -1   |
 |1     0     0    | |0     1     0    |   |1     0     0    |

RotateY(270) and then RotateX(180)
 |0     0     -1   | |1     0     0    |   |0     0     1    |
 |0     1     0    | |0     -1    0    | = |0     -1    0    |
 |1     0     0    | |0     0     -1   |   |1     0     0    |

RotateY(270) and then RotateX(270)
 |0     0     -1   | |1     0     0    |   |0     1     0    |
 |0     1     0    | |0     0     1    | = |0     0     1    |
 |1     0     0    | |0     -1    0    |   |1     0     0    |

----------------------------------------------------------------------
RotateZ(90) and then RotateX(0)
 |0     -1    0    | |1     0     0    |   |0    -1     0    |
 |1     0     0    | |0     1     0    | = |1     0     0    |
 |0     0     1    | |0     0     1    |   |0     0     1    |

RotateZ(90) and then RotateX(90)
 |0     -1    0    | |1     0     0    |   |0     0     1    |
 |1     0     0    | |0     0     -1   | = |1     0     0    |
 |0     0     1    | |0     1     0    |   |0     1     0    |

RotateZ(90) and then RotateX(180)
 |0     -1    0    | |1     0     0    |   |0     1     0    |
 |1     0     0    | |0     -1    0    | = |1     0     0    |
 |0     0     1    | |0     0     -1   |   |0     0     -1   |

RotateZ(90) and then RotateX(270)
 |0     -1    0    | |1     0     0    |   |0     0     -1   |
 |1     0     0    | |0     0     1    | = |1     0     0    |
 |0     0     1    | |0     -1    0    |   |0    -1     0    |

----------------------------------------------------------------------
RotateZ(270) and then RotateX(0)
 |0     1     0    | |1     0     0    |   |0     1     0    |
 |-1    0     0    | |0     1     0    | = |-1    0     0    |
 |0     0     1    | |0     0     1    |   |0     0     1    |

RotateZ(270) and then RotateX(90)
 |0     1     0    | |1     0     0    |   |0     0     -1   |
 |-1    0     0    | |0     0     -1   | = |-1    0     0    |
 |0     0     1    | |0     1     0    |   |0     1     0    |

RotateZ(270) and then RotateX(180)
 |0     1     0    | |1     0     0    |   |0     -1    0    |
 |-1    0     0    | |0     -1    0    | = |-1    0     0    |
 |0     0     1    | |0     0     -1   |   |0     0     -1   |

RotateZ(270) and then RotateX(270)
 |0     1     0    | |1     0     0    |   |0     0     1    |
 |-1    0     0    | |0     0     1    | = |-1    0     0    |
 |0     0     1    | |0     -1    0    |   |0    -1     0    |

